1 15 305 13 150 18 78 31 165 31 148 13 180 36 154 5 196 49 130 10 48 48 106 21 94 8 36 39 43 44 131 16 127
1 15 305 16 127 10 48 5 196 21 94 13 180 13 150 36 154 39 43 49 130 44 131 48 106 31 148 8 36 18 78 31 165
1 15 305 18 78 48 106 49 130 5 196 39 43 10 48 21 94 44 131 31 165 13 150 31 148 8 36 13 180 36 154 16 127
2 15 296 45 106 17 13 32 133 30 66 6 57 19 82 50 47 40 139 14 169 38 157 23 170 10 46 5 157 24 71 18 196
2 15 296 38 157 40 139 5 157 32 133 10 46 50 47 19 82 18 196 23 170 24 71 14 169 6 57 17 13 45 106 30 66
2 15 296 38 157 24 71 18 196 32 133 50 47 45 106 40 139 14 169 30 66 17 13 19 82 10 46 23 170 6 57 5 157
3 15 241 21 160 1 115 22 104 4 29 43 166 3 180 6 162 20 1 19 76 39 59 3 156 49 112 7 48 29 115 36 57
3 15 241 20 1 29 115 49 112 3 156 6 162 1 115 39 59 7 48 43 166 36 57 4 29 19 76 21 160 3 180 22 104
3 15 241 3 156 21 160 43 166 1 115 19 76 4 29 36 57 20 1 22 104 39 59 7 48 3 180 29 115 49 112 6 162
4 15 330 43 107 41 51 26 87 9 6 41 72 36 115 35 32 7 44 44 151 10 132 32 48 19 188 43 10 18 96 9 165
4 15 330 41 72 19 188 10 132 41 51 18 96 43 107 7 44 35 32 9 165 43 10 32 48 44 151 26 87 9 6 36 115
4 15 330 43 10 36 115 35 32 9 6 18 96 43 107 32 48 41 51 41 72 19 188 7 44 44 151 10 132 26 87 9 165
5 15 279 47 128 44 98 6 71 9 173 7 20 44 166 41 121 15 155 34 114 17 41 28 149 4 71 42 195 2 116 9 138
5 15 279 9 173 47 128 6 71 28 149 41 121 42 195 44 98 2 116 7 20 4 71 44 166 34 114 9 138 17 41 15 155
5 15 279 2 116 4 71 44 166 42 195 41 121 15 155 6 71 34 114 44 98 17 41 47 128 28 149 9 173 9 138 7 20
